32, 200, 21324.522154, 21324.522154, 0.000546, 19
32, 200, 1.000000, 0.000000, 19
ch, 200, 21324.522154, 21324.522154, 0.000488, 20
ch, 200, 1.000000, 0.000000, 20
ms, 200, 21324.522154, 21324.522154, 0.000488, 20
ms, 200, 0.000000, 0.000000, 20
un, 200, 21324.522154, 21324.522154, 0.000488, 20
un, 200, 0.000000, 0.000000, 20

32, 496, 1842.298664, 1842.298664, 0.000057, 19
32, 496, 0.000000, 0.000000, 19
ch, 496, 1842.298664, 1842.298664, 0.000061, 20
ch, 496, 0.000000, 0.000000, 20
ms, 496, 1842.298664, 1842.304664, 0.009165, 20
ms, 496, 0.000000, 0.000000, 20
un, 496, 1842.298664, 1842.298664, 0.000061, 20
un, 496, 0.000000, 0.000000, 20

32, 662, 2550.836750, 2550.916807, 0.247226, 19
32, 662, 3.000000, 1.000000, 19
ch, 662, 2550.836750, 2550.862217, 0.111006, 20
ch, 662, 5.000000, 0.000000, 20
ms, 662, 2551.742963, 2554.792048, 1.781708, 20
ms, 662, 0.000000, 0.000000, 20
un, 662, 2550.836750, 2550.947147, 0.329810, 20
un, 662, 0.000000, 0.000000, 20

32, 1001, 23137.724662, 23142.655650, 5.450402, 19
32, 1001, 4.000000, 2.000000, 19
ch, 1001, 23137.724662, 23141.255831, 3.421632, 20
ch, 1001, 54.000000, 18.000000, 20
ms, 1001, 23224.745311, 23246.379231, 12.157222, 20
ms, 1001, 0.000000, 0.000000, 20
un, 1001, 23137.724662, 23141.692922, 4.751482, 20
un, 1001, 0.000000, 0.000000, 20

32, 1500, 57010.363198, 57021.827405, 6.941850, 20
32, 1500, 5.000000, 3.000000, 20
64, 1500, 57030.219483, 57032.552750, 2.247295, 4
64, 1500, 0.000000, 0.000000, 4
ch, 1500, 57016.782868, 57030.980984, 10.282995, 20
ch, 1500, 76.000000, 22.000000, 20
ms, 1500, 57272.336142, 57327.170677, 24.036723, 20
ms, 1500, 0.000000, 0.000000, 20
re, 1500, 57010.363198, 57026.160213, 11.772564, 20
re, 1500, 1.000000, 0.000000, 20
un, 1500, 57016.782868, 57030.393231, 8.864779, 20
un, 1500, 0.000000, 0.000000, 20

